5040132
10162105208
1252735604
1356388466
10620066266
12970173627
11821212407
1356450133
10754520769
11856702696
1574368951
11989918240
12636651734
10797868601
10075218871
12078043848
10100605359
11130746596
10838140858
12087448555
10653489371
11221340602
12493999555
10412265103
12970769593
11221340602
10412265103
1180159309
10042298298
10270763814
10123650161
10949927456
1003093929
10861136068
12911737965
10190885931
1066715790
10042298298
1428943083
11392740413
1668169281
1595079806
1011621074
10146907768
1595181788
11130746596
11005867133
1488002764
10754520769
11394454643
10581934281
10827513755
10498900641
10797868601
10075218871
10445235798
10311070125
11221340602
10412265103
10162105208
1252735604
12911737965
1356388466
10620066266
12970173627
10860445970
10186039950
1461555536
11821212407
1356450133
10136208032
10754520769
11856702696
1066715790
1574368951
10617077685
10209205750
11989918240
11608586507
10730934647
1668169281
12549083172
10135048879
10444817784
12636651734
1595079806
12078043848
10100605359
1648976072
10908499280
10538511181
10701460184
10466584724
11130746596
10258540651
10838140858
12087448555
10116975013
1252746946
10162105208
1356388466
10620066266
12970173627
11821212407
1356450133
10754520769
11856702696
1574368951
11989918240
12636651734
11410213321
10619192781
11225670589
11494957101
11197149924
12623298593
5040132
10071509380
10913103090
10174979238
11974164791
10119977071
10860445970
10186039950
10136208032
10754520769
11856702696
1590679819
1180159309
1392060193
11856702696
10209205750
11989918240
10319876650
10183376286
11619082758
10568637551
10054117613
10620022382
11220777215
10228505545
10174979238