1968614173
1968613982
1968663489
11805488038
1988086771
1988086770
1756176911
10670608585
11261792043
1968759184
11617601787
10435708731
12654993943
10538488985
3744391
10538488986
10592994905
10592994907
10538488981
3261999
10993068024
1985545478
1983498525
1983498526
1985550904
1971414234
1985541278
1985544067
11677898730
10240541119
1988021325
10020426032
10632890954
11839691432
11384888629
11160031995
11384888627
11895438767
11814529203
12670232564
12759601615
11290304334
11781283838
11405562982
11279118502
12740453078
4113341
13161483700
11523366176
11959234058
11574325966
1971883159
1979471514
13114213132
12661884219
11157600089
10122191671
10083427907
11193602451
10122191672
11157600092
10083427912
10081309783
11157443903
10081391978
11128874682
11157600082
10112338344
11157443904
11165893123
11193602454
10106846201
11255224799
10081309784
11128874697
10060403336
11622167027
11704101187
11235496645
10536525374
11382607415
10399441736
1989023227
3517597
10918663436
10652916736
12062819699
1983513388
12760617071
11730592716
1976996567
11319112346
10119302542
11090445701
10188437725
12991805488
11039609713
12298080619
12570833598
10245041827
10126207761
1777286891
1133882817
10245041826
1989353034
12143718846
11503353771
10420821078
12159746226
1716397785
10628666063
1069289346
10194429374
10120656236
13095076201
10420746474
1351586523
12503845981
1000023352
10126937869
1756089855
10781379116
12908040154
10378254998
13017852505
12843477269
11367282495
10963071514
1020464232
12042749926
10979375615
12395463838
11555594841
12477995472
12560612751
12697401298
12697485631
12697456647
12697451451
12560417870
10068346473
11901725894
1650063164
12326096355
10386595368
4685762
11956716203
12697578484
11576446267
1968881913
1984555529
11089434882
1635343034
10382435366
1547467166
10987506899
11902223874
4140579
11879966822
11664625964
11902223871
10815155622
13162467845
11216057796
12649464263
11787426289
12110910554
10077828379
11731673868
11155766377
10745944214
3953482
10371570573
10381065637
11535675721
11535564014
12297506498
11640713057
11606117429
10674714801
11781794834
11781915272
11781976029
11782081169
11781836380
10928763859
11535693809
11803699281
11640849809
10313464268
11781931089
11781811745
11281539960
11781960959
11781892051
10311978991
12478439820
12988680348
11190954720
11535641145
11535694504
11535566025
11535564172
10531665005
11890371562
10245201603
3005587
11311961918
11678081247
10640460090
10859730473
12926728279
10708607921
12163912002
10983887504
10707018400
10708153375
10708643328
3174875
10707986273
10699885051
10629193324
10076184057
12558911471
10046045807
12279367771
12462765037
4195972
12669163622
10189109074
11118308825
10237182554
1680231781
11940848127
10389526515
12663504516
1289314653
1477853109
10692100864
11793050750
10824063651
1777896621
11045611121
11835606573
10341540588
10358666210
12048859683
11877681636
12048859684
12274903186
11358309456
12265718867
1548730966
10986408475
11769701782
11769729729
12844214872
10459253940
10520255203
10520255212
12401954326
10796309883
10291285340
11277181602
11274174272
12924572789
12338338891
10092458804
12837362413
10582045805
1533569184
12039744224
10501702430
1658017076
11780890429
10687236178
3147887
12462778563
1979057295
1979054593
1979057299
1979056066
11152571952
1979062902
1984097153
1979057066
1986456779
1985834026
1979057079
1979062125
1979059392
1979062901
1986108782
1988320193
1979057291
11690904018
1503466787
11077916546
10223958134
1723977023
2166912
10365121104
11893012095
1679870737
10330177227
1739234440
10329776453
12145478552
1113909365
1979054594
1986457520
1985834815
1979057291
1985716678
1979057294
1987654432
1988320198
1225672464
1979061805
1979031585
1980039175
1970628724
10906660887
10137148936
1979032797
1979032084
13012632224
12569786256
1162117047
1979039015
11375279863
11375367237
11341742373
11341699949
11340535157
1771999870
1441535685
12320983653
11261238048
10552022627
1980173439
1781971207
1969339526
548389
1959412112
1984673761
1950162668
1950167054
1954141497
1986663529
1954151602
1954141499
10116351801
10209680100
10228349342
11006479635
1475434046
11101715629
11265071635
10415802110
10647676609
10647676603
10647676605
1988406186
1531976560
13113558236
10828850195
10407359960
11836750133
10087636171
1458050639
1070657357
1974659265
11503888823
12988893047
11978475873
13038612689
1979041987
1979034842
1979031592
1984677777
1979039316
1977293311
1988488074
1988543806
1988449209
12718422414
1979006970
12113254432
12666137727
10272013805
10876621992
1475367006
11607948217
11544704624
11893010986
11253138833
11580057490
11585984200
11780185699
12127865816
11255003191
11265520073
11266720957
11268363335
12969045553
10503597911
10661463251
12441944509
10664029107
12539042324
10682036823
12447028085
12421172030
12427894085
12143036242
12572432499
12020572629
10372892396
11312335768
1621825621
1975719140
11992256383
10274706847
12317929799
11645027136
10217764235
1497989960
10401738674
11198645391
11781931662
12225739535
12595650967
4800108
12536012409
10624715365
10390156207
11488403514
11509465607
13038291609
12516716457
10213020944
13076425857
10123176091
1962594584
1984811513
11137800686
1470728364
10401738674
1976886808
1968874188
11598586305
12421720500
12422128743
1184671726
11842418980
10851636708
13111505957
13239305598
1979381596
11241282991
1968875998
10395808683
12594221657
11172711605
10996357641
10099623675
10317534925
12574683114
12782050735
10544484409
13075166224
10369476344
12327537195
11768741392
12945836058
12393567519
13012085860
1973349551
12855399680
11284343701
10678407268
1217860588
11154865402
12314173487
10460230751
11084365404
11374997461
11678253841
10614811960
11206732676
10422651566
11678253839
12211192887
12659393604
10254514251
11880767659
13115952400
10673776418
11641619201
11410796817
10629006724
12798748136
10365121104
1970672744
1970668699
1970670276
11803633794
12806946363
10140427172
12733377311
10420186918
11989193662
10405945349
12758906593
12967903368
12219449838
10644907719
10280932113
3758030
13015950662
10865593186
10860393077
10824542408
10860664502
3898726
1773908095
10865345887
1781498336
1781346828
1698391813
1698000437
10737078314
10860936139
12112975339
10659900746
1698627085
1698192285
11988430826
10873976731
10745381236
1697856933
11126212004
11636838034
12681843979
12506529626
12584326107
10592689461
12679568621
13213933853
10555475628
12045798226
10956694577
12720356242
11973188846
10134710364
11596999008
1975600558
10419177390
10438446428
1246891182
11151589122
13282550761
13282550762
12631986665
2829019
11258412833
11631007234
11278793418
1646535367
11262217974
13188007177
11235314341
10913845834
11237635613
12463102379
10972765135
11385211939
13060640548
11025719395
12652989434
12651919071
1411277355
11929497100
12416120700
11247435400
12357180037
1014996718
1015019595
1754473427
1015018470
10923602186
12615487603
13018250362
1017014995
1015183674
5143460
1985917337
11229570261
11455580851
11188319780
11183840657
1434600398
12147689812
11544834308
10088707083
11241795892
1177925499
1986974415
1005180712
1973252351
1973408011
3936407
12098928317
10337181239
10947708406
1345877329
1978573730
10466250365
12384289146
10779186019
1664336180
12819830368
12856470819
3730833
11167108130
1035161440
1968878770
11556639920
1057191819
11534388778
10903783067
1796929294
4858922
1796929300
1814327789
1813942601
1813942602
1796929296
13021871742
1796929295
1814184358
1814184357
1714140902
1796929299
1796929298
12475063171
10110805969
1715016780
1806403108
13137250792
1806403111
1800868136
12003042371
11466197002
11466184800
10908324423
1433947204
10125558499
1970972750
1953738949
12266005166
1965051886
10346530191
1965051884
12592720749
11296859236
1952397357
10065099200
12591506657
10622808662
11858247074
12190850331
11007152580
1600060411
10850458180
10198177850
11285810363
1013101400
10191912627
10191912624
1984681003
11504459687
11505014802
10916861059
1968877860
3767773
1978294453
1968881547
1968883027
1968880732
10422885007
1411224862
10156322230
12080311306
11609301876
11609209738
10049740833
12861510597
10796510149
1468976932
4130664
1773170615
11384337041
1633381740
4334334
10530184717
1384323040
10520651838
11349400022
10573189750
10032027911
11237635613
1963409504
11323252562
11323324115
11265321726
1809228037
12032327384
10048742178
10105115990
1771355288
10060491471
1973276917
12715854166
10148861289
1271840175
1354155162
1466690335
1256304776
10768269637
1361538673
11672657440
1452860564
1456773994
12247504869
12247487589
11264297628
11044770394
11729240763
1266310658
12274835476
11879814987
1239031131
1308999381
1314830282
10824773666
12275933578
1006038762
1023062342
12065968840
11454936741
10126559230
11846500908
12234630462
12535300841
10401071877
1683760331
12320094908
1777271715
1633907128
10320493770
11359069823
12140689992
12141225516
11806716066
11806694815
12142126138
11781710211
11894883494
11894952671
12142150155
11895032933
12203653717
11782842898
12203597073
11972488095
11641383781
11782941404
11971769188
11790113005
11617871636
12140886532
12203393764
11958205253
12171767211
12880961150
12203688557
11790482315
12196932718
11990320306
12046139337
12068040960
12068012846
11990352812
11990579554
11990423513
12045248575
11992447620
12067985957
11990560244
11990762734
11990719374
11990686587
11992461790
12068056387
11990623762
12046229509
12399191007
12046306398
12399104067
12399315732
12399271357
12399374705
12399471943
12399030508
12399053039
12399153261
12196460128
12404940931
11960232560
12188026940
12195925599
12674186166
12674524458
12674341928
12880542815
12880726942
12697121618
12880872064
11960700247
11960709760
11960039322
11960163114
12189720766
12674633308
12674684534
12674389867
12674569581
12674470656
12697550771
11971685189
11607633644
11607833201
11783516693
12203120616
12203522512
12189920699
11783421930
11892122891
12203155509
12203374063
11959876006
12881144484
12190194356
12196129530
12880620330
12880660652
12880677843
12203778566
12196165293
1719056232
11927474277
10540235966
13181133209
1003297406
11451373039
12036930174
10686600355
1466175071
10643296606
11383366316
11131679761
1988040550
12189379154
12699068826
10403130127
12173382232
1679577723
4223431
1978469110
5144422
10798572309
12188929415
12511636099
10326372579
11341279157
11792531624
12595974681
10036768056
1983966207
12062819699
10677374193
10884422543
3454027
3091866
10320842989
10992809659
10742193254
1059374227
11410027724
11892098250
10060403336
11299835020
10464930018
4113343
11554103159
1137710043
4041911
3897240
11865344255
13327748418
10971097265
1431529
10165383795
10901743489
12694969156
1776935334
11995368373
1968717082
10118392973
10533304867
10579684370
12516582719
10787485445
1089072784
12063031166
12063031167
11183415361
10663628911
1976319031
11989688327
10052956854
11789198922
1552342829
1955519010
10515104827
1984544677
11198427118
10513107496
11534388779
11594308216
11593759581
11593759582
11593759579
11593759580
11595696062
10041933712
11117051559
11564835645
1233206486
1977359277
1313081688
1977364524
13213625427
1977362438
1977361351
11319126731
11330928054
1334705246
10124807020
1981447083
10645980349
10803836555
1974564838
1974564839
1351586523
1000023352
10126937869
11145705069
10338585294
12394416767
1984478353
1989182149
11206370036
1976478605
1980588215
13239678117
1643222
12353932943
10269781669
10390579883
12353932944
1982076397
11715357264
1585143503
10171232794
10078203831
1017109828
11030466993
1737785334
10116491514
1081221714
1381686550
10329344428
12176226318
1579052187