3174875
1579052187
12176226318
10329344428
1381686550
1081221714
10116491514
1737785334
11030466993
1017109828
10078203831
10171232794
1585143503
11715357264
1982076397
12353932944
10390579883
10269781669
12353932943
1643222
13239678117
1980588215
1976478605
11206370036
1989182149
1984478353
12394416767
10338585294
11145705069
1974564839
1974564838
10803836555
10645980349
1981447083
10124807020
1334705246
11330928054
11319126731
1977361351
1977362438
13213625427
1977364524
1313081688
1977359277
1233206486
11564835645
11117051559
10041933712
11595696062
11593759580
11593759579
11593759582
11593759581
11594308216
11534388779
10513107496
11198427118
1984544677
10515104827
1955519010
1552342829
11789198922
10052956854
11989688327
1976319031
10663628911
11183415361
12063031167
12063031166
1089072784
10787485445
12516582719
10579684370
10533304867
10118392973
1968717082
11995368373
1776935334
12694969156
10901743489
10165383795
1431529
10971097265
13327748418
11865344255
3897240
4041911
1137710043
11554103159
4113343
10464930018
11299835020
11892098250
11410027724
1059374227
10742193254
10992809659
10320842989
3091866
3454027
10884422543
10677374193
1983966207
10036768056
12595974681
11792531624
11341279157
10326372579
12511636099
12188929415
10798572309
5144422
1978469110
4223431
1679577723
12173382232
10403130127
12699068826
12189379154
1988040550
11131679761
11383366316
10643296606
1466175071
10686600355
12036930174
11451373039
1003297406
13181133209
10540235966
11927474277
1719056232
12196165293
12203778566
12880677843
12880660652
12880620330
12196129530
12190194356
12881144484
11959876006
12203374063
12203155509
11892122891
11783421930
12189920699
12203522512
12203120616
11783516693
11607833201
11607633644
11971685189
12697550771
12674470656
12674569581
12674389867
12674684534
12674633308
12189720766
11960163114
11960039322
11960709760
11960700247
12880872064
12697121618
12880726942
12880542815
12674341928
12674524458
12674186166
12195925599
12188026940
11960232560
12404940931
12196460128
12399153261
12399053039
12399030508
12399471943
12399374705
12399271357
12399315732
12399104067
12046306398
12399191007
12046229509
11990623762
12068056387
11992461790
11990686587
11990719374
11990762734
11990560244
12067985957
11992447620
12045248575
11990423513
11990579554
11990352812
12068012846
12068040960
12046139337
11990320306
12196932718
11790482315
12203688557
12880961150
12171767211
11958205253
12203393764
12140886532
11617871636
11790113005
11971769188
11782941404
11641383781
11972488095
12203597073
11782842898
12203653717
11895032933
12142150155
11894952671
11894883494
11781710211
12142126138
11806694815
11806716066
12141225516
12140689992
11359069823
10320493770
1633907128
1777271715
12320094908
1683760331
10401071877
12535300841
12234630462
11846500908
10126559230
11454936741
12065968840
1023062342
1006038762
12275933578
10824773666
1314830282
1308999381
1239031131
11879814987
12274835476
1266310658
11729240763
11044770394
11264297628
12247487589
12247504869
1456773994
1452860564
11672657440
1361538673
10768269637
1256304776
1466690335
1354155162
1271840175
10148861289
12715854166
1973276917
10060491471
1771355288
10105115990
10048742178
12032327384
1809228037
11265321726
11323324115
11323252562
1963409504
10032027911
10573189750
11349400022
10520651838
1384323040
10530184717
4334334
1633381740
11384337041
1773170615
4130664
1468976932
10796510149
12861510597
10049740833
11609209738
11609301876
12080311306
10156322230
1411224862
10422885007
1968880732
1968883027
1968881547
1978294453
3767773
1968877860
10916861059
11505014802
11504459687
1984681003
10191912624
10191912627
1013101400
11285810363
10198177850
10850458180
1600060411
11007152580
12190850331
11858247074
10622808662
12591506657
10065099200
1952397357
11296859236
12592720749
1965051884
10346530191
1965051886
12266005166
1953738949
1970972750
10125558499
1433947204
10908324423
11466184800
11466197002
12003042371
1800868136
1806403111
13137250792
1806403108
1715016780
10110805969
12475063171
1796929298
1796929299
1714140902
1814184357
1814184358
1796929295
13021871742
1796929296
1813942602
1813942601
1814327789
1796929300
4858922
1796929294
10903783067
11534388778
1057191819
11556639920
1968878770
1035161440
11167108130
3730833
12856470819
12819830368
1664336180
10779186019
12384289146
10466250365
1978573730
1345877329
10947708406
10337181239
12098928317
3936407
1973408011
1973252351
1005180712
1986974415
1177925499
11241795892
10088707083
11544834308
12147689812
1434600398
11183840657
11188319780
11455580851
11229570261
1985917337
5143460
1015183674
1017014995
13018250362
12615487603
10923602186
1015018470
1754473427
1015019595
1014996718
12357180037
11247435400
12416120700
11929497100
1411277355
12651919071
12652989434
11025719395
13060640548
11385211939
10972765135
12463102379
11237635613
10913845834
11235314341
13188007177
11262217974
1646535367
11278793418
11631007234
11258412833
2829019
12631986665
13282550762
13282550761
11151589122
1246891182
10438446428
10419177390
1975600558
11596999008
10134710364
11973188846
12720356242
10956694577
12045798226
10555475628
13213933853
12679568621
10592689461
12584326107
12506529626
12681843979
11636838034
11126212004
1697856933
10745381236
10873976731
11988430826
1698192285
1698627085
10659900746
12112975339
10860936139
10737078314
1698000437
1698391813
1781346828
1781498336
10865345887
1773908095
3898726
10860664502
10824542408
10860393077
10865593186
13015950662
3758030
10280932113
10644907719
12219449838
12967903368
12758906593
10405945349
11989193662
10420186918
12733377311
10140427172
12806946363
11803633794
1970670276
1970668699
1970672744
12798748136
10629006724
11410796817
11641619201
10673776418
13115952400
11880767659
10254514251
12659393604
12211192887
11678253839
10422651566
11206732676
10614811960
11678253841
11374997461
11084365404
10460230751
12314173487
11154865402
1217860588
10678407268
11284343701
12855399680
1973349551
13012085860
12393567519
12945836058
11768741392
12327537195
10369476344
13075166224
10544484409
12782050735
12574683114
10317534925
10099623675
10996357641
11172711605
12594221657
10395808683
1968875998
11241282991
1979381596
13239305598
13111505957
10851636708
11842418980
1184671726
12422128743
12421720500
11598586305
1968874188
1976886808
1470728364
11137800686
1984811513
1962594584
10123176091
13076425857
10213020944
12516716457
13038291609
11509465607
11488403514
10390156207
10624715365
12536012409
4800108
12595650967
12225739535
11781931662
11198645391
10401738674
1497989960
10217764235
11645027136
12317929799
10274706847
11992256383
1975719140
1621825621
11312335768
10372892396
12020572629
12572432499
12143036242
12427894085
12421172030
12447028085
10682036823
12539042324
10664029107
12441944509
10661463251
10503597911
12969045553
11268363335
11266720957
11265520073
11255003191
12127865816
11780185699
11585984200
11580057490
11253138833
11893010986
11544704624
11607948217
1475367006
10876621992
10272013805
12666137727
12113254432
1979006970
12718422414
1988449209
1988543806
1988488074
1977293311
1979039316
1984677777
1979031592
1979034842
1979041987
13038612689
11978475873
12988893047
11503888823
1974659265
1070657357
1458050639
10087636171
11836750133
10407359960
10828850195
13113558236
1531976560
1988406186
10647676605
10647676603
10647676609
10415802110
11265071635
11101715629
1475434046
11006479635
10228349342
10209680100
10116351801
1954141499
1954151602
1986663529
1954141497
1950167054
1950162668
1984673761
1959412112
548389
1969339526
1781971207
1980173439
10552022627
11261238048
12320983653
1441535685
1771999870
11340535157
11341699949
11341742373
11375367237
11375279863
1979039015
1162117047
12569786256
13012632224
1979032084
1979032797
10137148936
10906660887
1970628724
1980039175
1979031585
1979061805
1225672464
1988320198
1987654432
1979057294
1985716678
1985834815
1986457520
1979054594
1113909365
12145478552
10329776453
1739234440
10330177227
1679870737
11893012095
10365121104
2166912
1723977023
10223958134
11077916546
1503466787
11690904018
1979057291
1988320193
1986108782
1979062901
1979059392
1979062125
1979057079
1985834026
1986456779
1979057066
1984097153
1979062902
11152571952
1979056066
1979057299
1979054593
1979057295
12462778563
3147887
10687236178
11780890429
1658017076
10501702430
12039744224
1533569184
10582045805
12837362413
10092458804
12338338891
12924572789
11274174272
11277181602
10291285340
10796309883
12401954326
10520255212
10520255203
10459253940
12844214872
11769729729
11769701782
10986408475
1548730966
12265718867
11358309456
12274903186
12048859684
11877681636
12048859683
10358666210
10341540588
11835606573
11045611121
1777896621
10824063651
11793050750
10692100864
1477853109
1289314653
12663504516
10389526515
11940848127
1680231781
10237182554
11118308825
10189109074
12669163622
4195972
12462765037
12279367771
10046045807
12558911471
10076184057
10629193324
10699885051
10707986273
10708643328
10708153375
10707018400
10983887504
12163912002
10708607921
12926728279
10859730473
10640460090
11678081247
11311961918
3005587
10245201603
11890371562
10531665005
11535564172
11535566025
11535694504
11535641145
11190954720
12988680348
12478439820
10311978991
11781892051
11781960959
11281539960
11781811745
11781931089
10313464268
11640849809
11803699281
11535693809
10928763859
11781836380
11782081169
11781976029
11781915272
11781794834
10674714801
11606117429
11640713057
12297506498
11535564014
11535675721
10381065637
10371570573
3953482
10745944214
11155766377
11731673868
10077828379
12110910554
11787426289
12649464263
11216057796
13162467845
10815155622
11902223871
11664625964
11879966822
4140579
11902223874
10987506899
1547467166
10382435366
1635343034
11089434882
1984555529
1968881913
11576446267
12697578484
11956716203
4685762
10386595368
12326096355
1650063164
11901725894
10068346473
12560417870
12697451451
12697456647
12697485631
12697401298
12560612751
12477995472
11555594841
12395463838
10979375615
12042749926
1020464232
10963071514
11367282495
12843477269
13017852505
10378254998
12908040154
10781379116
1756089855
10126937869
1000023352
12503845981
1351586523
10420746474
13095076201
10120656236
10194429374
1069289346
10628666063
1716397785
12159746226
10420821078
11503353771
12143718846
1989353034
10245041826
1133882817
1777286891
10126207761
10245041827
12570833598
12298080619
11039609713
12991805488
10188437725
11090445701
10119302542
11319112346
1976996567
11730592716
12760617071
1983513388
12062819699
10652916736
10918663436
3517597
1989023227
10399441736
11382607415
10536525374
11235496645
11704101187
11622167027
10060403336
11128874697
10081309784
11255224799
10106846201
11193602454
11165893123
11157443904
10112338344
11157600082
11128874682
10081391978
11157443903
10081309783
10083427912
11157600092
10122191672
11193602451
10083427907
10122191671
11157600089
12661884219
13114213132
1979471514
1971883159
11574325966
11959234058
11523366176
13161483700
4113341
12740453078
11279118502
11405562982
11781283838
11290304334
12759601615
12670232564
11814529203
11895438767
11384888627
11160031995
11384888629
11839691432
10632890954
10020426032
1988021325
10240541119
11677898730
1985544067
1985541278
1971414234
1985550904
1983498526
1983498525
1985545478
10993068024
3261999
10538488981
10592994907
10592994905
10538488986
3744391
10538488985
12654993943
10435708731
11617601787
1968759184
11261792043
10670608585
1756176911
1988086770
1988086771
11805488038
1968663489
1968613982
1968614173
