59526193658
59455968223
59191060621
59188509037
59501163893
59494772793
59739541425
59494269849
59148384452
59428480191
59724508883
59471355805
59142022181
59483581881
59169825773
59494797559
59472557049
59463739030
59470594233
59481431578
59176400748
59120098725
59132463658
59121174219
59111145953
59132199917
59100423813
59434989142
59121386537
59149824812
59117385897
59120766182
59420831613
59097115458
59097144130
59097144130
59100245901
59420667322
59096716137
59097671651
59078419466
59415392474
58994345295